                                                                                                    
        0000000                                                                                     
    e0000000000000j                                                                                 
   00000000000000000       00   00                                              00                  
  000  000   0   0000      00                                                                 00    
 0000  00  0  00  0000     00   00  000000a   00    00 00    00  000000 00000   00   000000   000000
 0000  00  0  00  0000     00   00  00    00  00    00   00 00   00   00    00  00   0    00  00    
 0000  00  0  00  0000     00   00  00    00  00    00    000    00    0    00  00   0    00  00    
 0000  000000000  0000     00   00  00    00  00    00   00 00   00    0    00  00   0    00  00    
  0000           0000      000  00  00    00   00a 900  00   00  00    0    00  00   0    00   00  0
   00000000000000000                                                                                
    e0000000000000n                                                                                 
        0000000                                                                                     
                                                                                                    